---------Iteration: S_Initial----------
0        INF     -2      INF     INF     INF
3        0       INF     INF     INF     INF
0        4       0       -1      1       3
INF      INF     -1      0       1       INF
INF      INF     INF     2       0       1
4        INF     4       INF     INF     0
---------Iteration: P_Initial----------
-1       -1      -1      -1      -1      -1
-1       -1      -1      -1      -1      -1
-1       -1      -1      -1      -1      -1
-1       -1      -1      -1      -1      -1
-1       -1      -1      -1      -1      -1
-1       -1      -1      -1      -1      -1


---------Iteration: s0----------
0        INF     -2      INF     INF     INF
3        0       1       INF     INF     INF
0        4       0       -1      1       3
INF      INF     -1      0       1       INF
INF      INF     INF     2       0       1
4        INF     2       INF     INF     0
---------Iteration: p0----------
-1       -1      -1      -1      -1      -1
-1       -1      0       -1      -1      -1
-1       -1      -1      -1      -1      -1
-1       -1      -1      -1      -1      -1
-1       -1      -1      -1      -1      -1
-1       -1      0       -1      -1      -1


---------Iteration: s1----------
0        INF     -2      INF     INF     INF
3        0       1       INF     INF     INF
0        4       0       -1      1       3
INF      INF     -1      0       1       INF
INF      INF     INF     2       0       1
4        INF     2       INF     INF     0
---------Iteration: p1----------
-1       -1      -1      -1      -1      -1
-1       -1      0       -1      -1      -1
-1       -1      -1      -1      -1      -1
-1       -1      -1      -1      -1      -1
-1       -1      -1      -1      -1      -1
-1       -1      0       -1      -1      -1


---------Iteration: s2----------
0        2       -2      -3      -1      1
1        0       1       0       2       4
0        4       0       -1      1       3
-1       3       -1      0       0       2
INF      INF     INF     2       0       1
2        6       2       1       3       0
---------Iteration: p2----------
-1       2       -1      2       2       2
2        -1      0       2       2       2
-1       -1      -1      -1      -1      -1
2        2       -1      -1      2       2
-1       -1      -1      -1      -1      -1
2        2       0       2       2       -1


---------Iteration: s3----------
0        0       -4      -3      -3      -1
-1       0       -1      0       0       2
-2       2       0       -1      -1      1
-1       3       -1      0       0       2
1        5       1       2       0       1
0        4       0       1       1       0
---------Iteration: p3----------
-1       3       3       2       3       3
3        -1      3       2       3       3
3        3       -1      -1      3       3
2        2       -1      -1      2       2
3        3       3       -1      -1      -1
3        3       3       2       3       -1


---------Iteration: s4----------
0        0       -4      -3      -3      -2
-1       0       -1      0       0       1
-2       2       0       -1      -1      0
-1       3       -1      0       0       1
1        5       1       2       0       1
0        4       0       1       1       0
---------Iteration: p4----------
-1       3       3       2       3       4
3        -1      3       2       3       4
3        3       -1      -1      3       4
2        2       -1      -1      2       4
3        3       3       -1      -1      -1
3        3       3       2       3       -1


---------Iteration: s5----------
0        0       -4      -3      -3      -2
-1       0       -1      0       0       1
-2       2       0       -1      -1      0
-1       3       -1      0       0       1
1        5       1       2       0       1
0        4       0       1       1       0
---------Iteration: p5----------
-1       3       3       2       3       4
3        -1      3       2       3       4
3        3       -1      -1      3       4
2        2       -1      -1      2       4
3        3       3       -1      -1      -1
3        3       3       2       3       -1